#  N628
86278    -3                   # pix_list=0,1,2,4,5,6,7,8,9,10,11,12,13,14,15
88305    ok
88307    -5 ?                 # pix_list=0,1,2,3,4,6,7,8,9,10,11,12,13,14,15
88311    ok
88313   -0 horiz stripe       # pix_list=1,2,3,4,5,6,7,8,9,10,11,12,13,14,15 
88315   -0 horiz stripe       # pix_list=1,2,3,4,5,6,7,8,9,10,11,12,13,14,15
88501   crazy sky coverage
88649   -0,-5                 # pix_list=1,2,3,4,6,7,8,9,10,11,12,13,14,15
88653   -5                    # pix_list=0,1,2,3,4,6,7,8,9,10,11,12,13,14,15
88801   -0                    # pix_list=1,2,3,4,5,6,7,8,9,10,11,12,13,14,15
88805   -0                    # pix_list=1,2,3,4,5,6,7,8,9,10,11,12,13,14,15

#
# M51
#
88874 demo
88878 -0
88882 demo
88967 demo
88971 demo
88990 -0
90139 birdie
90141 birdie
90143 birdie
90149 birdie
90151 birdie
90155 birdie
90157 birdie
90163 birdie
90268 birdie
90270 birdie
90274 birdie
90276 birdie
90280 -5 birdie
90282 -5 birdie
90286 -5 birdie
90381 ok
90383 ok
90385 ok
90389 ok
90442 -5
90444 -5
90446 -5
90450 -5
90452 -5
90454 -5
90458 -5
90460 -5
90462 -5
90648
90650
90652
90654
90658
90660
90664
90666
90740 demo
90744 demo
90758 demo
90911 demo
90915 demo
90947 demo
90951 demo  - last doppler reset bug
90995 -0,-5  first clean data (HCN) +birdie
90999 -0,-5  +birdie
91037 demo
91041
91112 demo
91328 pipeline crash?
91336 -0,-1? birdie
91338 -0 birdie
91340 pointing
91344 -0,-1,-5?
91346 -0,-1
91350 -0,-1
91352 -0,-1
91356 -0,-1 
91358 -0,-1 ?
91362 -0,-1 
91364 -0,-1 
91368 -1 
91370 -1 
91523 -0,-1 
91525 -0,-1 
91534 -0
91536 -0
91579 -0,-1,-5?
91613 -0,-1,-5?
91615 -0,-5?
91619 -0,-1 
91621 -0,-1,-5
91661 -0,-5?
91663 -0,-1 
91669 -0
91671 -0,-1 
91675 -0,-1,-5
91681 -0,-5
91683 -0,-5
91713 -0,-5
91715 -0
92215 -5
92219 -5
92223 -5
92227 -5
92274 -1,-5
92280 -1,-5
92286 -1,-5
92290 -1,-5
92294 -1,-5
92300 -0,-5,-6
92351 -0,-5
92355 -0,-5
92504 OK
92626 -5

90666_90648  combo on1
90462_88990  combo on2
92504_91328  combo on3
92626_91338  combo on4
91112_90648  Final CO
90462_88878  Final HCN
